SHAPE_TIME	GAP_TIME	FILTER_WIDTH	DEAD_TIME	MEMORY_USED	MU	SIGMA	BASE_RMS	THRESH_1	THRESH_2	THRESH_3
50	10	110	165	448kb	-0.5294	11.7792	11.7792	23.5583	38.8712	58.8958
50	20	120	180	488kb	-0.49003	12.0352	12.0352	24.0704	39.7162	60.1761
50	30	130	195	528kb	-0.498537	12.1659	12.1659	24.3318	40.1474	60.8294
50	40	140	210	568kb	-0.585227	12.2874	12.2874	24.5749	40.5486	61.4372
50	50	150	225	608kb	-0.543936	12.1553	12.1553	24.3105	40.1123	60.7763
50	60	160	240	648kb	-0.38988	11.9261	11.9261	23.8523	39.3562	59.6306
50	70	170	255	688kb	-0.225954	11.6478	11.6478	23.2956	38.4377	58.239
50	80	180	270	728kb	-0.0823764	11.6753	11.6753	23.3506	38.5285	58.3764
50	90	190	285	768kb	0.0212964	11.8435	11.8435	23.6869	39.0834	59.2173
50	100	200	300	808kb	0.203179	11.9345	11.9345	23.869	39.3839	59.6725
50	110	210	315	848kb	0.386473	11.8074	11.8074	23.6148	38.9644	59.037
50	120	220	330	888kb	0.468314	11.677	11.677	23.354	38.534	58.3849
50	130	230	345	928kb	0.411296	11.6835	11.6835	23.3671	38.5556	58.4176
50	140	240	360	968kb	0.392692	11.8418	11.8418	23.6835	39.0778	59.2089
50	150	250	375	1008kb	0.267479	11.9029	11.9029	23.8058	39.2796	59.5146
75	10	160	240	648kb	-0.368953	10.1255	10.1255	20.2511	33.4143	50.6277
75	20	170	255	688kb	-0.251586	10.2169	10.2169	20.4338	33.7158	51.0846
75	30	180	270	728kb	-0.12072	10.2477	10.2477	20.4955	33.8176	51.2387
75	40	190	285	768kb	-0.124713	10.3149	10.3149	20.6298	34.0392	51.5745
75	50	200	300	808kb	-0.0556591	10.3461	10.3461	20.6922	34.1421	51.7304
75	60	210	315	848kb	0.0424155	10.3743	10.3743	20.7487	34.2353	51.8717
75	70	220	330	888kb	0.24977	10.2873	10.2873	20.5747	33.9482	51.4367
75	80	230	345	928kb	0.311864	10.2099	10.2099	20.4197	33.6926	51.0494
75	90	240	360	968kb	0.383709	10.1484	10.1484	20.2969	33.4899	50.7422
75	100	250	375	1008kb	0.356257	10.1722	10.1722	20.3443	33.5681	50.8608
75	110	260	390	1048kb	0.394992	10.1347	10.1347	20.2694	33.4446	50.6736
75	120	270	405	1088kb	0.326432	10.1057	10.1057	20.2115	33.3489	50.5286
75	130	280	420	1128kb	0.286292	10.1376	10.1376	20.2751	33.4539	50.6878
75	140	290	435	1168kb	0.344104	10.184	10.184	20.3681	33.6074	50.9202
75	150	300	450	1208kb	0.351118	10.3088	10.3088	20.6177	34.0192	51.5442
100	10	210	315	848kb	-0.0627822	8.97353	8.97353	17.9471	29.6127	44.8677
100	20	220	330	888kb	0.040359	9.02891	9.02891	18.0578	29.7954	45.1446
100	30	230	345	928kb	0.0705671	9.03718	9.03718	18.0744	29.8227	45.1859
100	40	240	360	968kb	0.0670622	9.04607	9.04607	18.0921	29.852	45.2304
100	50	250	375	1008kb	0.0451967	9.01883	9.01883	18.0377	29.7621	45.0942
100	60	260	390	1048kb	0.0841907	8.992	8.992	17.984	29.6736	44.96
100	70	270	405	1088kb	0.147004	8.96766	8.96766	17.9353	29.5933	44.8383
100	80	280	420	1128kb	0.145404	8.95592	8.95592	17.9118	29.5545	44.7796
100	90	290	435	1168kb	0.111038	9.02512	9.02512	18.0502	29.7829	45.1256
100	100	300	450	1208kb	0.18511	9.0533	9.0533	18.1066	29.8759	45.2665
100	110	310	465	1248kb	0.268738	9.07716	9.07716	18.1543	29.9546	45.3858
100	120	320	480	1288kb	0.326269	9.14755	9.14755	18.2951	30.1869	45.7377
100	130	330	495	1328kb	0.375874	9.2731	9.2731	18.5462	30.6012	46.3655
100	140	340	510	1368kb	0.426257	9.31237	9.31237	18.6247	30.7308	46.5619
100	150	350	525	1408kb	0.440782	9.28738	9.28738	18.5748	30.6484	46.4369
125	10	260	390	1048kb	-0.0151644	8.11359	8.11359	16.2272	26.7748	40.568
125	20	270	405	1088kb	0.0466988	8.13653	8.13653	16.2731	26.8505	40.6826
125	30	280	420	1128kb	0.0468929	8.12091	8.12091	16.2418	26.799	40.6046
125	40	290	435	1168kb	0.00911021	8.15174	8.15174	16.3035	26.9007	40.7587
125	50	300	450	1208kb	-0.00257155	8.16323	8.16323	16.3265	26.9387	40.8162
125	60	310	465	1248kb	0.0435601	8.27149	8.27149	16.543	27.2959	41.3574
125	70	320	480	1288kb	0.177931	8.20907	8.20907	16.4181	27.0899	41.0453
125	80	330	495	1328kb	0.243613	8.23145	8.23145	16.4629	27.1638	41.1573
125	90	340	510	1368kb	0.305493	8.26032	8.26032	16.5206	27.2591	41.3016
125	100	350	525	1408kb	0.406831	8.34792	8.34792	16.6958	27.5481	41.7396
125	110	360	540	1448kb	0.458265	8.33629	8.33629	16.6726	27.5097	41.6814
125	120	370	555	1488kb	0.475002	8.31245	8.31245	16.6249	27.4311	41.5623
125	130	380	570	1528kb	0.496469	8.29642	8.29642	16.5928	27.3782	41.4821
125	140	390	585	1568kb	0.55621	8.34232	8.34232	16.6846	27.5297	41.7116
125	150	400	600	1608kb	0.494638	8.37235	8.37235	16.7447	27.6288	41.8618
150	10	310	465	1248kb	0.0491007	7.40842	7.40842	14.8168	24.4478	37.0421
150	20	320	480	1288kb	0.0476891	7.46795	7.46795	14.9359	24.6442	37.3397
150	30	330	495	1328kb	0.0777929	7.51972	7.51972	15.0394	24.8151	37.5986
150	40	340	510	1368kb	0.0971845	7.5623	7.5623	15.1246	24.9556	37.8115
150	50	350	525	1408kb	0.123572	7.64518	7.64518	15.2904	25.2291	38.2259
150	60	360	540	1448kb	0.196522	7.74914	7.74914	15.4983	25.5722	38.7457
150	70	370	555	1488kb	0.285839	7.79479	7.79479	15.5896	25.7228	38.9739
150	80	380	570	1528kb	0.317574	7.81575	7.81575	15.6315	25.792	39.0788
150	90	390	585	1568kb	0.335429	7.77266	7.77266	15.5453	25.6498	38.8633
150	100	400	600	1608kb	0.384061	7.75234	7.75234	15.5047	25.5827	38.7617
150	110	410	615	1648kb	0.421283	7.77418	7.77418	15.5484	25.6548	38.8709
150	120	420	630	1688kb	0.369355	7.84606	7.84606	15.6921	25.892	39.2303
150	130	430	645	1728kb	0.347186	7.94189	7.94189	15.8838	26.2082	39.7095
150	140	440	660	1768kb	0.346204	7.98777	7.98777	15.9755	26.3596	39.9388
150	150	450	675	1808kb	0.319138	7.95061	7.95061	15.9012	26.237	39.7531
175	10	360	540	1448kb	0.00784152	7.10737	7.10737	14.2147	23.4543	35.5368
175	20	370	555	1488kb	0.0517838	7.22681	7.22681	14.4536	23.8485	36.134
175	30	380	570	1528kb	0.0897756	7.33225	7.33225	14.6645	24.1964	36.6612
175	40	390	585	1568kb	0.0841459	7.39291	7.39291	14.7858	24.3966	36.9646
175	50	400	600	1608kb	0.085249	7.39742	7.39742	14.7948	24.4115	36.9871
175	60	410	615	1648kb	0.14055	7.37121	7.37121	14.7424	24.325	36.8561
175	70	420	630	1688kb	0.215344	7.38022	7.38022	14.7604	24.3547	36.9011
175	80	430	645	1728kb	0.249118	7.45228	7.45228	14.9046	24.5925	37.2614
175	90	440	660	1768kb	0.256473	7.51535	7.51535	15.0307	24.8007	37.5768
175	100	450	675	1808kb	0.286517	7.553	7.553	15.106	24.9249	37.765
175	110	460	690	1848kb	0.332947	7.52622	7.52622	15.0524	24.8365	37.6311
175	120	470	705	1888kb	0.303307	7.48898	7.48898	14.978	24.7136	37.4449
175	130	480	720	1928kb	0.264979	7.46871	7.46871	14.9374	24.6467	37.3435
175	140	490	735	1968kb	0.266132	7.5241	7.5241	15.0482	24.8295	37.6205
175	150	500	750	2008kb	0.25747	7.52874	7.52874	15.0575	24.8449	37.6437
200	10	410	615	1648kb	0.0641734	6.97887	6.97887	13.9577	23.0303	34.8944
200	20	420	630	1688kb	0.0928105	6.97502	6.97502	13.95	23.0176	34.8751
200	30	430	645	1728kb	0.120447	6.94206	6.94206	13.8841	22.9088	34.7103
200	40	440	660	1768kb	0.142065	6.95748	6.95748	13.915	22.9597	34.7874
200	50	450	675	1808kb	0.11612	7.00687	7.00687	14.0137	23.1227	35.0343
200	60	460	690	1848kb	0.145196	7.05679	7.05679	14.1136	23.2874	35.284
200	70	470	705	1888kb	0.186425	7.06356	7.06356	14.1271	23.3098	35.3178
200	80	480	720	1928kb	0.201499	7.0566	7.0566	14.1132	23.2868	35.283
200	90	490	735	1968kb	0.168307	7.0289	7.0289	14.0578	23.1954	35.1445
200	100	500	750	2008kb	0.182486	7.06811	7.06811	14.1362	23.3248	35.3405
200	110	510	765	2048kb	0.197845	7.11267	7.11267	14.2253	23.4718	35.5634
200	120	520	780	2088kb	0.211939	7.12703	7.12703	14.2541	23.5192	35.6351
200	130	530	795	2128kb	0.211585	7.1738	7.1738	14.3476	23.6735	35.869
200	140	540	810	2168kb	0.235985	7.17229	7.17229	14.3446	23.6686	35.8615
200	150	550	825	2208kb	0.2565	7.20673	7.20673	14.4135	23.7822	36.0337
225	10	460	690	1848kb	0.0570573	6.57505	6.57505	13.1501	21.6977	32.8753
225	20	470	705	1888kb	0.0596231	6.65066	6.65066	13.3013	21.9472	33.2533
225	30	480	720	1928kb	0.0845	6.69097	6.69097	13.3819	22.0802	33.4549
225	40	490	735	1968kb	0.0749341	6.69079	6.69079	13.3816	22.0796	33.4539
225	50	500	750	2008kb	0.075518	6.68847	6.68847	13.3769	22.0719	33.4423
225	60	510	765	2048kb	0.085176	6.68712	6.68712	13.3742	22.0675	33.4356
225	70	520	780	2088kb	0.129652	6.73283	6.73283	13.4657	22.2184	33.6642
225	80	530	795	2128kb	0.157358	6.78203	6.78203	13.5641	22.3807	33.9101
225	90	540	810	2168kb	0.179634	6.80598	6.80598	13.612	22.4597	34.0299
225	100	550	825	2208kb	0.202942	6.83594	6.83594	13.6719	22.5586	34.1797
225	110	560	840	2248kb	0.234303	6.85253	6.85253	13.7051	22.6134	34.2627
225	120	570	855	2288kb	0.280872	6.88188	6.88188	13.7638	22.7102	34.4094
225	130	580	870	2328kb	0.294292	6.90544	6.90544	13.8109	22.7879	34.5272
225	140	590	885	2368kb	0.344319	6.92813	6.92813	13.8563	22.8628	34.6407
225	150	600	900	2408kb	0.363426	6.94646	6.94646	13.8929	22.9233	34.7323
250	10	510	765	2048kb	0.0586993	6.4198	6.4198	12.8396	21.1853	32.099
250	20	520	780	2088kb	0.0718346	6.43664	6.43664	12.8733	21.2409	32.1832
250	30	530	795	2128kb	0.0965532	6.45417	6.45417	12.9083	21.2988	32.2708
250	40	540	810	2168kb	0.100095	6.51466	6.51466	13.0293	21.4984	32.5733
250	50	550	825	2208kb	0.125785	6.54651	6.54651	13.093	21.6035	32.7325
250	60	560	840	2248kb	0.168648	6.56025	6.56025	13.1205	21.6488	32.8012
250	70	570	855	2288kb	0.231436	6.55448	6.55448	13.109	21.6298	32.7724
250	80	580	870	2328kb	0.273715	6.60385	6.60385	13.2077	21.7927	33.0192
250	90	590	885	2368kb	0.308249	6.63151	6.63151	13.263	21.884	33.1575
250	100	600	900	2408kb	0.313953	6.6521	6.6521	13.3042	21.9519	33.2605
250	110	610	915	2448kb	0.349922	6.64062	6.64062	13.2812	21.914	33.2031
250	120	620	930	2488kb	0.343324	6.63903	6.63903	13.2781	21.9088	33.1952
250	130	630	945	2528kb	0.338621	6.66176	6.66176	13.3235	21.9838	33.3088
250	140	640	960	2568kb	0.345497	6.68357	6.68357	13.3671	22.0558	33.4178
250	150	650	975	2608kb	0.341337	6.67449	6.67449	13.349	22.0258	33.3725
275	10	560	840	2248kb	0.0935089	6.27773	6.27773	12.5555	20.7165	31.3887
275	20	570	855	2288kb	0.113997	6.29577	6.29577	12.5915	20.776	31.4788
275	30	580	870	2328kb	0.123022	6.31857	6.31857	12.6371	20.8513	31.5929
275	40	590	885	2368kb	0.127617	6.31307	6.31307	12.6261	20.8331	31.5654
275	50	600	900	2408kb	0.151531	6.33352	6.33352	12.667	20.9006	31.6676
275	60	610	915	2448kb	0.190095	6.32681	6.32681	12.6536	20.8785	31.634
275	70	620	930	2488kb	0.230717	6.32307	6.32307	12.6461	20.8661	31.6154
275	80	630	945	2528kb	0.276467	6.32447	6.32447	12.6489	20.8708	31.6224
275	90	640	960	2568kb	0.293668	6.34752	6.34752	12.695	20.9468	31.7376
275	100	650	975	2608kb	0.323185	6.37807	6.37807	12.7561	21.0476	31.8904
275	110	660	990	2648kb	0.341142	6.38658	6.38658	12.7732	21.0757	31.9329
275	120	670	1005	2688kb	0.341642	6.38251	6.38251	12.765	21.0623	31.9126
275	130	680	1020	2728kb	0.327317	6.38665	6.38665	12.7733	21.076	31.9333
275	140	690	1035	2768kb	0.33423	6.41262	6.41262	12.8252	21.1616	32.0631
275	150	700	1050	2808kb	0.344552	6.40522	6.40522	12.8104	21.1372	32.0261
300	10	610	915	2448kb	0.118196	6.08972	6.08972	12.1794	20.0961	30.4486
300	20	620	930	2488kb	0.161833	6.12888	6.12888	12.2578	20.2253	30.6444
300	30	630	945	2528kb	0.16789	6.14521	6.14521	12.2904	20.2792	30.726
300	40	640	960	2568kb	0.171991	6.14695	6.14695	12.2939	20.2849	30.7348
300	50	650	975	2608kb	0.166749	6.14791	6.14791	12.2958	20.2881	30.7396
300	60	660	990	2648kb	0.188921	6.14432	6.14432	12.2886	20.2763	30.7216
300	70	670	1005	2688kb	0.22482	6.14647	6.14647	12.2929	20.2834	30.7323
300	80	680	1020	2728kb	0.237953	6.14984	6.14984	12.2997	20.2945	30.7492
300	90	690	1035	2768kb	0.244897	6.14306	6.14306	12.2861	20.2721	30.7153
300	100	700	1050	2808kb	0.26728	6.1465	6.1465	12.293	20.2834	30.7325
300	110	710	1065	2848kb	0.302139	6.14646	6.14646	12.2929	20.2833	30.7323
300	120	720	1080	2888kb	0.337003	6.12013	6.12013	12.2403	20.1964	30.6006
300	130	730	1095	2928kb	0.323588	6.12033	6.12033	12.2407	20.1971	30.6017
300	140	740	1110	2968kb	0.347137	6.17187	6.17187	12.3437	20.3672	30.8593
300	150	750	1125	3008kb	0.329515	6.2282	6.2282	12.4564	20.5531	31.141
325	10	660	990	2648kb	0.135607	5.93999	5.93999	11.88	19.602	29.6999
325	20	670	1005	2688kb	0.156217	5.95041	5.95041	11.9008	19.6363	29.752
325	30	680	1020	2728kb	0.175939	5.95582	5.95582	11.9116	19.6542	29.7791
325	40	690	1035	2768kb	0.168002	5.95095	5.95095	11.9019	19.6381	29.7548
325	50	700	1050	2808kb	0.171526	5.94058	5.94058	11.8812	19.6039	29.7029
325	60	710	1065	2848kb	0.193347	5.91624	5.91624	11.8325	19.5236	29.5812
325	70	720	1080	2888kb	0.234948	5.89842	5.89842	11.7968	19.4648	29.4921
325	80	730	1095	2928kb	0.277307	5.88753	5.88753	11.7751	19.4289	29.4377
325	90	740	1110	2968kb	0.295881	5.87767	5.87767	11.7553	19.3963	29.3883
325	100	750	1125	3008kb	0.307857	5.88295	5.88295	11.7659	19.4137	29.4147
325	110	760	1140	3048kb	0.343667	5.92685	5.92685	11.8537	19.5586	29.6343
325	120	770	1155	3088kb	0.325188	5.96749	5.96749	11.935	19.6927	29.8375
325	130	780	1170	3128kb	0.317723	5.99045	5.99045	11.9809	19.7685	29.9523
325	140	790	1185	3168kb	0.347784	6.04823	6.04823	12.0965	19.9592	30.2412
325	150	800	1200	3208kb	0.36102	6.07348	6.07348	12.147	20.0425	30.3674
350	10	710	1065	2848kb	0.152911	5.73551	5.73551	11.471	18.9272	28.6776
350	20	720	1080	2888kb	0.168575	5.74025	5.74025	11.4805	18.9428	28.7013
350	30	730	1095	2928kb	0.175844	5.73791	5.73791	11.4758	18.9351	28.6896
350	40	740	1110	2968kb	0.181186	5.73983	5.73983	11.4797	18.9414	28.6992
350	50	750	1125	3008kb	0.21458	5.71848	5.71848	11.437	18.871	28.5924
350	60	760	1140	3048kb	0.231969	5.69789	5.69789	11.3958	18.803	28.4894
350	70	770	1155	3088kb	0.275441	5.69783	5.69783	11.3957	18.8028	28.4891
350	80	780	1170	3128kb	0.296761	5.74535	5.74535	11.4907	18.9597	28.7268
350	90	790	1185	3168kb	0.298896	5.76349	5.76349	11.527	19.0195	28.8174
350	100	800	1200	3208kb	0.327249	5.8054	5.8054	11.6108	19.1578	29.027
350	110	810	1215	3248kb	0.351625	5.83788	5.83788	11.6758	19.265	29.1894
350	120	820	1230	3288kb	0.364191	5.84701	5.84701	11.694	19.2951	29.235
350	130	830	1245	3328kb	0.365204	5.84738	5.84738	11.6948	19.2964	29.2369
350	140	840	1260	3368kb	0.387321	5.86941	5.86941	11.7388	19.3691	29.3471
350	150	850	1275	3408kb	0.393947	5.86722	5.86722	11.7344	19.3618	29.3361
375	10	760	1140	3048kb	0.175631	5.55598	5.55598	11.112	18.3347	27.7799
375	20	770	1155	3088kb	0.21541	5.54271	5.54271	11.0854	18.2909	27.7136
375	30	780	1170	3128kb	0.219225	5.53152	5.53152	11.063	18.254	27.6576
375	40	790	1185	3168kb	0.22621	5.5453	5.5453	11.0906	18.2995	27.7265
375	50	800	1200	3208kb	0.204678	5.57004	5.57004	11.1401	18.3811	27.8502
375	60	810	1215	3248kb	0.208676	5.56824	5.56824	11.1365	18.3752	27.8412
375	70	820	1230	3288kb	0.251613	5.58975	5.58975	11.1795	18.4462	27.9487
375	80	830	1245	3328kb	0.274343	5.60696	5.60696	11.2139	18.503	28.0348
375	90	840	1260	3368kb	0.286294	5.60107	5.60107	11.2021	18.4835	28.0054
375	100	850	1275	3408kb	0.305603	5.61677	5.61677	11.2335	18.5353	28.0838
375	110	860	1290	3448kb	0.350778	5.63486	5.63486	11.2697	18.595	28.1743
375	120	870	1305	3488kb	0.378012	5.6451	5.6451	11.2902	18.6288	28.2255
375	130	880	1320	3528kb	0.389665	5.66594	5.66594	11.3319	18.6976	28.3297
375	140	890	1335	3568kb	0.401242	5.68631	5.68631	11.3726	18.7648	28.4316
375	150	900	1350	3608kb	0.417439	5.68258	5.68258	11.3652	18.7525	28.4129
400	10	810	1215	3248kb	0.176121	5.44804	5.34804	10.6961	17.6485	26.7402
400	20	820	1230	3288kb	0.180915	5.43641	5.38641	10.7728	17.7752	26.9321
400	30	830	1245	3328kb	0.203236	5.41107	5.38107	10.7621	17.7575	26.9053
400	40	840	1260	3368kb	0.223071	5.39843	5.39843	10.7969	17.8148	26.9921
400	50	850	1275	3408kb	0.23752	5.39743	5.39743	10.7949	17.8115	26.9872
400	60	860	1290	3448kb	0.257561	5.38212	5.38212	10.7642	17.761	26.9106
400	70	870	1305	3488kb	0.292914	5.38375	5.38375	10.7675	17.7664	26.9187
400	80	880	1320	3528kb	0.332284	5.39237	5.39237	10.7847	17.7948	26.9619
400	90	890	1335	3568kb	0.345271	5.41228	5.41228	10.8246	17.8605	27.0614
400	100	900	1350	3608kb	0.363748	5.46628	5.46628	10.9326	18.0387	27.3314
400	110	910	1365	3648kb	0.383146	5.47941	5.47941	10.9588	18.0821	27.3971
400	120	920	1380	3688kb	0.408611	5.49368	5.49368	10.9874	18.1291	27.4684
400	130	930	1395	3728kb	0.420764	5.49049	5.49049	10.981	18.1186	27.4525
400	140	940	1410	3768kb	0.440252	5.47734	5.47734	10.9547	18.0752	27.3867
400	150	950	1425	3808kb	0.438221	5.47013	5.47013	10.9403	18.0514	27.3506
